0003107
0046933
0107220
0129331
0169848
0215122
0263537
0334837
0395756
0006315
0049434
0108121
0130013
0171027
0216932
0267141
0335031
0396556
0006618
0053829
0108525
0130215
0171431
0217126
0267646
0337136
0398560
0007721
0057231
0109224
0131217
0175843
0220923
0269852
0337944
0400016
0008319
0063832
0109325
0131722
0177342
0221420
0269953
0342533
0400117
0011813
0064733
0110007
0135730
0177544
0222220
0272740
0342735
0403123
0067436
0110310
0136429
0177746
0224426
0274744
0344638
0406937
0013009
0068236
0110916
0140521
0178647
0224628
0275039
0346743
0407030
0013413
0071326
0111716
0140824
0182436
0224931
0276344
0348040
0408234
0013716
0074635
0111817
0141624
0184238
0225327
0278752
0350936
0410120
0014011
0074837
0112011
0142929
0185442
0226430
0279350
0352233
0410221
0014314
0078643
0112920
0145430
0187446
0228333
0280032
0356645
0410726
0015114
0079443
0116625
0145834
0189349
0228838
0280840
0357344
0411627
0015619
0079847
0116726
0147333
0191437
0231221
0281943
0363945
0414431
0016722
0080428
0118225
0147636
0191942
0231726
0282339
0364038
0414734
0017017
0084739
0118730
0148941
0192237
0232829
0282743
0367347
0415130
0017522
0085640
0118831
0150120
0192641
0233326
0285951
0367650
0415433
0019526
0086440
0119025
0151930
0193138
0235128
0286145
0368147
0415736
0020006
0088343
0119126
0153328
0196043
0237738
0286953
0374748
0416233
0023113
0088747
0119227
0155736
0197752
0238639
0301519
0374849
0417639
0025622
0091332
0120313
0158843
0199554
0238942
0304020
0375447
0419845
0027626
0091534
0120717
0160022
0203115
0240727
0306731
0376954
0421933
0028022
0092940
0120818
0162531
0204319
0244028
0310318
0377350
0423937
0032114
0094136
0122620
0163028
0204420
0244331
0314730
0379152
0424030
0032821
0094338
0124321
0163230
0205624
0244533
0314831
0381947
0425032
0032922
0095643
0125121
0163432
0207123
0250427
0316128
0384044
0425537
0035019
0095744
0126527
0163735
0209127
0258140
0316835
0390443  
0038227
0099651
0126628
0166034
0209733
0258443
0317231
0391243
0042521
0100004
0127024
0166741
0211821
0258948
0318839
0391748
0043523
0103313
0128329
0168240
0261230
0320826
0392851
0044020
0106420
0128935
0168947
0214625
0262939
0333027
0394956
